35,29
35,28
35,27
35,26
35,25
35,24
35,23
35,22
35,21
35,20
0,534
0,533
0,532
36,8
0,531
0,530
0,529
0,528
36,7
36,6
0,527
0,526
0,525
0,524
0,523
0,522
0,521
0,520
0,519
0,518
0,517
0,516
0,515
25,36
37,11
37,10
37,9
37,8
0,514
0,513
0,512
0,511
0,510
0,509
0,508
0,507
0,506
0,505
35,19
35,18
35,17
35,16
35,15
35,14
35,13
35,12
35,11
35,10
35,9
35,8
0,504
35,7
0,503
0,502
0,501
0,500
0,499
0,498
0,497
0,496
0,495
0,494
0,493
0,492
0,491
0,490
0,489
0,488
0,487
35,6
0,486
0,485
0,484
0,483
0,482
0,481
0,480
0,479
0,478
0,477
0,476
0,475
0,474
0,473
0,472
0,471
0,470
0,469
0,468
0,467
0,466
0,465
0,464
0,463
0,462
0,461
0,460
0,459
0,458
0,457
0,456
0,455
0,454
0,453
0,452
0,451
0,450
0,449
0,448
0,447
0,446
0,445
0,444
0,443
0,442
0,441
0,440
0,439
0,438
0,437
0,436
0,435
0,434
0,433
0,432
0,431
0,430
0,429
0,428
0,427
0,426
0,425
